-0.004956
-0.004960
-0.004974
-0.004998
-0.005031
-0.005072
-0.005123
-0.005182
-0.005250
-0.005325
-0.005408
-0.005498
-0.005595
-0.005696
-0.005799
-0.005897
-0.005971
-0.005974
-0.005776
-0.005041
-0.002869
0.003106
0.019025
0.060075
0.159079
0.361296
0.639557
0.841393
0.940119
0.981031
0.996887
1.002827
1.004965
1.005662
1.005813
1.005765
1.005649
1.005514
1.005379
1.005251
1.005133
1.005025
1.004929
1.004843
1.004769
1.004706
1.004655
1.004614
1.004586
1.004569
1.004563
1.004569
1.004586
1.004614
1.004655
1.004706
1.004769
1.004843
1.004928
1.005025
1.005132
1.005250
1.005378
1.005513
1.005648
1.005764
1.005813
1.005661
1.004965
1.002827
0.996887
0.981032
0.940119
0.841393
0.639557
0.361296
0.159079
0.060075
0.019025
0.003106
-0.002869
-0.005041
-0.005776
-0.005974
-0.005971
-0.005897
-0.005799
-0.005696
-0.005595
-0.005498
-0.005408
-0.005325
-0.005250
-0.005182
-0.005123
-0.005072
-0.005031
-0.004998
-0.004974
-0.004960
