-0.007336
-0.007336
-0.007336
-0.007336
-0.007336
-0.007336
-0.007336
-0.007337
-0.007337
-0.007337
-0.007338
-0.007338
-0.007337
-0.007336
-0.007330
-0.007315
-0.007272
-0.007157
-0.006848
-0.006024
-0.003826
0.002011
0.017383
0.056930
0.152623
0.350183
0.628532
0.835285
0.937504
0.980038
0.996542
1.002722
1.004941
1.005661
1.005820
1.005775
1.005661
1.005527
1.005392
1.005265
1.005147
1.005040
1.004944
1.004859
1.004785
1.004722
1.004670
1.004630
1.004602
1.004584
1.004579
1.004584
1.004602
1.004630
1.004670
1.004722
1.004784
1.004858
1.004943
1.005040
1.005147
1.005265
1.005392
1.005526
1.005660
1.005775
1.005820
1.005661
1.004941
1.002722
0.996542
0.980038
0.937503
0.835283
0.628528
0.350179
0.152621
0.056929
0.017383
0.002011
-0.003827
-0.006024
-0.006848
-0.007157
-0.007272
-0.007315
-0.007330
-0.007336
-0.007337
-0.007338
-0.007338
-0.007337
-0.007337
-0.007337
-0.007336
-0.007336
-0.007336
-0.007336
-0.007336
-0.007336
