0.000000	-0.007336
1.000000	-0.007336
2.000000	-0.007336
3.000000	-0.007336
4.000000	-0.007336
5.000000	-0.007336
6.000000	-0.007336
7.000000	-0.007337
8.000000	-0.007337
9.000000	-0.007337
10.000000	-0.007338
11.000000	-0.007338
12.000000	-0.007337
13.000000	-0.007336
14.000000	-0.007330
15.000000	-0.007315
16.000000	-0.007272
17.000000	-0.007157
18.000000	-0.006848
19.000000	-0.006024
20.000000	-0.003826
21.000000	0.002011
22.000000	0.017383
23.000000	0.056930
24.000000	0.152623
25.000000	0.350183
26.000000	0.628532
27.000000	0.835285
28.000000	0.937504
29.000000	0.980038
30.000000	0.996542
31.000000	1.002722
32.000000	1.004941
33.000000	1.005661
34.000000	1.005820
35.000000	1.005775
36.000000	1.005661
37.000000	1.005527
38.000000	1.005392
39.000000	1.005265
40.000000	1.005147
41.000000	1.005040
42.000000	1.004944
43.000000	1.004859
44.000000	1.004785
45.000000	1.004722
46.000000	1.004670
47.000000	1.004630
48.000000	1.004602
49.000000	1.004584
50.000000	1.004579
51.000000	1.004584
52.000000	1.004602
53.000000	1.004630
54.000000	1.004670
55.000000	1.004722
56.000000	1.004784
57.000000	1.004858
58.000000	1.004943
59.000000	1.005040
60.000000	1.005147
61.000000	1.005265
62.000000	1.005392
63.000000	1.005526
64.000000	1.005660
65.000000	1.005775
66.000000	1.005820
67.000000	1.005661
68.000000	1.004941
69.000000	1.002722
70.000000	0.996542
71.000000	0.980038
72.000000	0.937503
73.000000	0.835283
74.000000	0.628528
75.000000	0.350179
76.000000	0.152621
77.000000	0.056929
78.000000	0.017383
79.000000	0.002011
80.000000	-0.003827
81.000000	-0.006024
82.000000	-0.006848
83.000000	-0.007157
84.000000	-0.007272
85.000000	-0.007315
86.000000	-0.007330
87.000000	-0.007336
88.000000	-0.007337
89.000000	-0.007338
90.000000	-0.007338
91.000000	-0.007337
92.000000	-0.007337
93.000000	-0.007337
94.000000	-0.007336
95.000000	-0.007336
96.000000	-0.007336
97.000000	-0.007336
98.000000	-0.007336
99.000000	-0.007336
