0.000000	-0.001325
0.500000	-0.001325
1.000000	-0.001325
1.500000	-0.001325
2.000000	-0.001325
2.500000	-0.001325
3.000000	-0.001325
3.500000	-0.001325
4.000000	-0.001325
4.500000	-0.001325
5.000000	-0.001325
5.500000	-0.001324
6.000000	-0.001324
6.500000	-0.001324
7.000000	-0.001324
7.500000	-0.001324
8.000000	-0.001323
8.500000	-0.001323
9.000000	-0.001323
9.500000	-0.001323
10.000000	-0.001322
10.500000	-0.001322
11.000000	-0.001321
11.500000	-0.001320
12.000000	-0.001319
12.500000	-0.001317
13.000000	-0.001314
13.500000	-0.001309
14.000000	-0.001302
14.500000	-0.001289
15.000000	-0.001269
15.500000	-0.001237
16.000000	-0.001183
16.500000	-0.001096
17.000000	-0.000952
17.500000	-0.000716
18.000000	-0.000330
18.500000	0.000305
19.000000	0.001347
19.500000	0.003055
20.000000	0.005850
20.500000	0.010412
21.000000	0.017830
21.500000	0.029806
22.000000	0.048928
22.500000	0.078919
23.000000	0.124644
23.500000	0.191375
24.000000	0.282636
24.500000	0.396610
25.000000	0.523383
25.500000	0.647148
26.000000	0.753573
26.500000	0.835776
27.000000	0.894328
27.500000	0.933750
28.000000	0.959326
28.500000	0.975538
29.000000	0.985673
29.500000	0.991965
30.000000	0.995864
30.500000	0.998288
31.000000	0.999809
31.500000	1.000778
32.000000	1.001413
32.500000	1.001844
33.000000	1.002146
33.500000	1.002365
34.000000	1.002530
34.500000	1.002658
35.000000	1.002758
35.500000	1.002837
36.000000	1.002899
36.500000	1.002946
37.000000	1.002980
37.500000	1.003002
38.000000	1.003012
38.500000	1.003011
39.000000	1.002998
39.500000	1.002975
40.000000	1.002941
40.500000	1.002896
41.000000	1.002841
41.500000	1.002776
42.000000	1.002701
42.500000	1.002617
43.000000	1.002524
43.500000	1.002423
44.000000	1.002318
44.500000	1.002212
45.000000	1.002109
45.500000	1.002012
46.000000	1.001924
46.500000	1.001844
47.000000	1.001775
47.500000	1.001716
48.000000	1.001667
48.500000	1.001629
49.000000	1.001602
49.500000	1.001585
50.000000	1.001579
50.500000	1.001584
51.000000	1.001600
51.500000	1.001627
52.000000	1.001664
52.500000	1.001713
53.000000	1.001771
53.500000	1.001840
54.000000	1.001919
54.500000	1.002007
55.000000	1.002104
55.500000	1.002207
56.000000	1.002315
56.500000	1.002423
57.000000	1.002526
57.500000	1.002622
58.000000	1.002709
58.500000	1.002786
59.000000	1.002854
59.500000	1.002910
60.000000	1.002956
60.500000	1.002991
61.000000	1.003015
61.500000	1.003028
62.000000	1.003029
62.500000	1.003019
63.000000	1.002997
63.500000	1.002963
64.000000	1.002915
64.500000	1.002853
65.000000	1.002773
65.500000	1.002673
66.000000	1.002545
66.500000	1.002380
67.000000	1.002160
67.500000	1.001858
68.000000	1.001427
68.500000	1.000792
69.000000	0.999823
69.500000	0.998304
70.000000	0.995883
70.500000	0.991990
71.000000	0.985708
71.500000	0.975590
72.000000	0.959405
72.500000	0.933869
73.000000	0.894506
73.500000	0.836031
74.000000	0.753917
74.500000	0.647571
75.000000	0.523843
75.500000	0.397050
76.000000	0.283006
76.500000	0.191655
77.000000	0.124841
77.500000	0.079049
78.000000	0.049011
78.500000	0.029857
79.000000	0.017861
79.500000	0.010430
80.000000	0.005860
80.500000	0.003060
81.000000	0.001350
81.500000	0.000306
82.000000	-0.000330
82.500000	-0.000717
83.000000	-0.000953
83.500000	-0.001097
84.000000	-0.001185
84.500000	-0.001238
85.000000	-0.001271
85.500000	-0.001291
86.000000	-0.001303
86.500000	-0.001311
87.000000	-0.001315
87.500000	-0.001318
88.000000	-0.001320
88.500000	-0.001322
89.000000	-0.001322
89.500000	-0.001323
90.000000	-0.001323
90.500000	-0.001324
91.000000	-0.001324
91.500000	-0.001324
92.000000	-0.001324
92.500000	-0.001325
93.000000	-0.001325
93.500000	-0.001325
94.000000	-0.001325
94.500000	-0.001325
95.000000	-0.001325
95.500000	-0.001325
96.000000	-0.001325
96.500000	-0.001325
97.000000	-0.001325
97.500000	-0.001325
98.000000	-0.001325
98.500000	-0.001325
99.000000	-0.001325
99.500000	-0.001325
