-0.006257
-0.006259
-0.006265
-0.006275
-0.006289
-0.006307
-0.006328
-0.006354
-0.006383
-0.006415
-0.006451
-0.006490
-0.006531
-0.006574
-0.006616
-0.006649
-0.006657
-0.006592
-0.006328
-0.005532
-0.003317
0.002657
0.018468
0.059163
0.157361
0.358470
0.636859
0.839944
0.939528
0.980830
0.996832
1.002818
1.004965
1.005661
1.005813
1.005765
1.005649
1.005514
1.005379
1.005251
1.005133
1.005025
1.004929
1.004843
1.004769
1.004706
1.004655
1.004614
1.004586
1.004569
1.004563
1.004569
1.004586
1.004614
1.004655
1.004706
1.004769
1.004843
1.004928
1.005025
1.005132
1.005250
1.005378
1.005513
1.005648
1.005764
1.005813
1.005661
1.004965
1.002818
0.996833
0.980830
0.939529
0.839946
0.636861
0.358472
0.157362
0.059163
0.018468
0.002657
-0.003317
-0.005532
-0.006328
-0.006592
-0.006657
-0.006649
-0.006616
-0.006574
-0.006531
-0.006490
-0.006451
-0.006415
-0.006383
-0.006354
-0.006328
-0.006307
-0.006289
-0.006275
-0.006265
-0.006259
