-0.006834
-0.006835
-0.006837
-0.006842
-0.006848
-0.006856
-0.006866
-0.006878
-0.006891
-0.006906
-0.006922
-0.006940
-0.006959
-0.006977
-0.006993
-0.006999
-0.006980
-0.006887
-0.006597
-0.005783
-0.003569
0.002355
0.017987
0.058206
0.155363
0.355013
0.633428
0.838039
0.938707
0.980514
0.996721
1.002784
1.004959
1.005661
1.005813
1.005765
1.005649
1.005514
1.005379
1.005251
1.005133
1.005025
1.004929
1.004843
1.004769
1.004706
1.004655
1.004614
1.004586
1.004569
1.004563
1.004569
1.004586
1.004614
1.004655
1.004706
1.004769
1.004843
1.004929
1.005026
1.005133
1.005252
1.005379
1.005514
1.005649
1.005765
1.005813
1.005661
1.004959
1.002784
0.996721
0.980514
0.938707
0.838040
0.633429
0.355014
0.155364
0.058206
0.017987
0.002355
-0.003569
-0.005783
-0.006597
-0.006887
-0.006980
-0.006999
-0.006993
-0.006977
-0.006959
-0.006940
-0.006922
-0.006906
-0.006891
-0.006878
-0.006866
-0.006856
-0.006848
-0.006842
-0.006837
-0.006835
