-0.007102
-0.007102
-0.007103
-0.007105
-0.007108
-0.007112
-0.007117
-0.007122
-0.007129
-0.007135
-0.007143
-0.007151
-0.007159
-0.007167
-0.007171
-0.007165
-0.007133
-0.007027
-0.006727
-0.005906
-0.003699
0.002184
0.017688
0.057575
0.154009
0.352626
0.631015
0.836684
0.938115
0.980280
0.996633
1.002753
1.004951
1.005661
1.005817
1.005770
1.005654
1.005520
1.005385
1.005258
1.005140
1.005032
1.004936
1.004851
1.004776
1.004714
1.004662
1.004622
1.004593
1.004576
1.004571
1.004576
1.004593
1.004622
1.004662
1.004714
1.004777
1.004851
1.004936
1.005033
1.005141
1.005259
1.005386
1.005521
1.005655
1.005770
1.005817
1.005661
1.004950
1.002753
0.996632
0.980279
0.938114
0.836682
0.631012
0.352623
0.154007
0.057574
0.017688
0.002183
-0.003699
-0.005906
-0.006727
-0.007027
-0.007133
-0.007165
-0.007171
-0.007167
-0.007159
-0.007151
-0.007143
-0.007135
-0.007129
-0.007122
-0.007117
-0.007112
-0.007108
-0.007105
-0.007103
-0.007102
