-0.007228
-0.007228
-0.007229
-0.007230
-0.007231
-0.007233
-0.007235
-0.007238
-0.007241
-0.007244
-0.007248
-0.007252
-0.007256
-0.007258
-0.007257
-0.007246
-0.007208
-0.007098
-0.006793
-0.005972
-0.003771
0.002082
0.017501
0.057172
0.153135
0.351081
0.629443
0.835797
0.937727
0.980126
0.996575
1.002733
1.004945
1.005661
1.005819
1.005773
1.005657
1.005523
1.005388
1.005261
1.005143
1.005035
1.004939
1.004853
1.004779
1.004717
1.004665
1.004625
1.004596
1.004579
1.004573
1.004579
1.004596
1.004625
1.004665
1.004717
1.004779
1.004853
1.004939
1.005035
1.005143
1.005261
1.005389
1.005523
1.005658
1.005773
1.005819
1.005661
1.004944
1.002733
0.996575
0.980125
0.937726
0.835795
0.629439
0.351077
0.153133
0.057171
0.017501
0.002082
-0.003772
-0.005972
-0.006793
-0.007098
-0.007208
-0.007246
-0.007257
-0.007258
-0.007256
-0.007252
-0.007248
-0.007244
-0.007241
-0.007238
-0.007235
-0.007233
-0.007231
-0.007230
-0.007229
-0.007228
