-0.007291
-0.007291
-0.007291
-0.007291
-0.007292
-0.007293
-0.007294
-0.007296
-0.007298
-0.007299
-0.007301
-0.007303
-0.007305
-0.007305
-0.007301
-0.007288
-0.007247
-0.007135
-0.006828
-0.006006
-0.003809
0.002032
0.017414
0.056989
0.152746
0.350398
0.628749
0.835407
0.937557
0.980059
0.996550
1.002724
1.004942
1.005661
1.005820
1.005775
1.005660
1.005526
1.005391
1.005264
1.005146
1.005039
1.004942
1.004857
1.004783
1.004720
1.004669
1.004629
1.004600
1.004583
1.004577
1.004583
1.004600
1.004629
1.004669
1.004720
1.004783
1.004857
1.004943
1.005039
1.005146
1.005264
1.005391
1.005526
1.005660
1.005774
1.005820
1.005661
1.004942
1.002724
0.996550
0.980059
0.937558
0.835409
0.628753
0.350401
0.152748
0.056990
0.017414
0.002032
-0.003809
-0.006006
-0.006828
-0.007135
-0.007248
-0.007288
-0.007302
-0.007305
-0.007305
-0.007303
-0.007301
-0.007299
-0.007298
-0.007296
-0.007294
-0.007293
-0.007292
-0.007292
-0.007291
-0.007291
