-0.007320
-0.007320
-0.007320
-0.007321
-0.007321
-0.007322
-0.007322
-0.007323
-0.007324
-0.007325
-0.007326
-0.007327
-0.007327
-0.007326
-0.007322
-0.007307
-0.007265
-0.007150
-0.006842
-0.006019
-0.003821
0.002017
0.017391
0.056945
0.152654
0.350237
0.628587
0.835316
0.937517
0.980043
0.996544
1.002722
1.004942
1.005661
1.005820
1.005775
1.005661
1.005527
1.005392
1.005265
1.005147
1.005040
1.004944
1.004859
1.004785
1.004722
1.004670
1.004630
1.004602
1.004584
1.004579
1.004584
1.004602
1.004630
1.004670
1.004722
1.004784
1.004858
1.004943
1.005040
1.005147
1.005265
1.005392
1.005526
1.005660
1.005775
1.005820
1.005661
1.004941
1.002722
0.996544
0.980043
0.937518
0.835317
0.628590
0.350240
0.152656
0.056946
0.017392
0.002017
-0.003821
-0.006019
-0.006843
-0.007150
-0.007265
-0.007307
-0.007322
-0.007326
-0.007327
-0.007327
-0.007326
-0.007325
-0.007324
-0.007323
-0.007322
-0.007322
-0.007321
-0.007321
-0.007320
-0.007320
